        0.0000000000        0.0000000000                 nan
        1.2000000000        0.0000000000        0.0000000000
        2.4000000000        0.0000000000        0.0000000000
        3.6000000000        0.0000000000        0.0000000000
        4.8000000000        0.0000000000        0.0000000000
        6.0000000000        0.0000000000        0.0000000000
        7.2000000000        0.0000000000        0.0000000000
        8.4000000000        0.0000000000        0.0000000000
        9.6000000000        0.0000000000        0.0000000000
       10.8000000000        0.0000000000        0.0000000000
       12.0000000000        0.0000000000        0.0000000000
       13.2000000000        0.0000000000        0.0000000000
       14.4000000000        0.0000000000        0.0000000000
       15.6000000000        0.0000000000        0.0000000000
       16.8000000000        0.0000000000        0.0000000000
       18.0000000000        0.0000000000        0.0000000000
       19.2000000000        0.0000000000        0.0000000000
       20.4000000000        0.0000000000        0.0000000000
       21.6000000000        0.0000000000        0.0000000000
       22.8000000000        0.0000000000        0.0000000000
       24.0000000000        0.0000000000        0.0000000000
       25.2000000000        0.0000000000        0.0000000000
       26.4000000000        0.0000000000        0.0000000000
       27.6000000000        0.0000000000        0.0000000000
       28.8000000000        0.0000000000        0.0000000000
       30.0000000000        0.0000000000        0.0000000000
       31.2000000000        0.0000000000        0.0000000000
       32.4000000000        0.0000000000        0.0000000000
       33.6000000000        0.0000000000        0.0000000000
       34.8000000000        0.0000000000        0.0000000000
       36.0000000000        0.0000000000        0.0000000000
       37.2000000000        0.0000000000        0.0000000000
       38.4000000000        0.0000000000        0.0000000000
       39.6000000000        0.0000000000        0.0000000000
       40.8000000000        0.0000000000        0.0000000000
       42.0000000000        0.0000000000        0.0000000000
       43.2000000000        0.0000000000        0.0000000000
       44.4000000000        0.0000000000        0.0000000000
       45.6000000000        0.0000000000        0.0000000000
       46.8000000000        0.0000000000        0.0000000000
       48.0000000000        0.0000000000        0.0000000000
       49.2000000000        0.0000000000        0.0000000000
       50.4000000000        0.0000000000        0.0000000000
       51.6000000000        0.0000000000        0.0000000000
       52.8000000000        0.0000000000        0.0000000000
       54.0000000000        0.0000000000        0.0000000000
       55.2000000000        0.0000000000        0.0000000000
       56.4000000000        0.0000000000        0.0000000000
       57.6000000000        0.0000000000        0.0000000000
       58.8000000000        0.0000000000        0.0000000000
       60.0000000000        0.0000000000        0.0000000000
       61.2000000000        0.0000000000        0.0000000000
       62.4000000000        0.0000000000        0.0000000000
       63.6000000000        0.0000000000        0.0000000000
       64.8000000000        0.0000000000        0.0000000000
       66.0000000000        0.0000000000        0.0000000000
       67.2000000000        0.0000000000        0.0000000000
       68.4000000000        0.0000000000        0.0000000000
       69.6000000000        0.0000000000        0.0000000000
       70.8000000000        0.0000000000        0.0000000000
       72.0000000000        0.0000000000        0.0000000000
       73.2000000000        0.0000000000        0.0000000000
       74.4000000000        0.0000000000        0.0000000000
       75.6000000000        0.0000000000        0.0000000000
       76.8000000000        0.0000000000        0.0000000000
       78.0000000000        0.0000000000        0.0000000000
       79.2000000000        0.0000000000        0.0000000000
       80.4000000000        0.0000000000        0.0000000000
       81.6000000000        0.0000000000        0.0000000000
       82.8000000000        0.0000000000        0.0000000000
       84.0000000000        0.0000000000        0.0000000000
       85.2000000000        0.0000000000        0.0000000000
       86.4000000000        0.0000000000        0.0000000000
       87.6000000000        0.0000000000        0.0000000000
       88.8000000000        0.0000000000        0.0000000000
       90.0000000000        0.0000000000        0.0000000000
       91.2000000000        0.0000000000        0.0000000000
       92.4000000000        0.0000000000        0.0000000000
       93.6000000000        0.0000000000        0.0000000000
       94.8000000000        0.0000000000        0.0000000000
       96.0000000000        0.0000000000        0.0000000000
       97.2000000000        0.0000000000        0.0000000000
       98.4000000000        0.0000000000        0.0000000000
       99.6000000000        0.0000000000        0.0000000000
      100.8000000000        0.0000000000        0.0000000000
      102.0000000000        0.0000000000        0.0000000000
      103.2000000000        0.0000000000        0.0000000000
      104.4000000000        0.0000000000        0.0000000000
      105.6000000000        0.0000000000        0.0000000000
      106.8000000000        0.0000000000        0.0000000000
      108.0000000000        0.0000000000        0.0000000000
      109.2000000000        0.0000000000        0.0000000000
      110.4000000000        0.0000000000        0.0000000000
      111.6000000000        0.0000000000        0.0000000000
      112.8000000000        0.0000000000        0.0000000000
      114.0000000000        0.0000000000        0.0000000000
      115.2000000000        0.0000000000        0.0000000000
      116.4000000000        0.0000000000        0.0000000000
      117.6000000000        0.0000000000        0.0000000000
      118.8000000000        0.0000000000        0.0000000000
      120.0000000000        0.0000000000        0.0000000000
      121.2000000000        0.0000000000        0.0000000000
      122.4000000000        0.0000000000        0.0000000000
      123.6000000000        0.0000000000        0.0000000000
      124.8000000000        0.0000000000        0.0000000000
      126.0000000000        0.0000000000        0.0000000000
      127.2000000000        0.0000000000        0.0000000000
      128.4000000000        0.0000000000        0.0000000000
      129.6000000000        0.0000000000        0.0000000000
      130.8000000000        0.0000000000        0.0000000000
      132.0000000000        0.0000000000        0.0000000000
      133.2000000000        0.0000000000        0.0000000000
      134.4000000000        0.0000000001        0.0000000000
      135.6000000000        0.0000000007        0.0000000000
      136.8000000000        0.0000000047        0.0000000000
      138.0000000000        0.0000000284        0.0000000000
      139.2000000000        0.0000001538        0.0000000000
      140.4000000000        0.0000007519        0.0000000000
      141.6000000000        0.0000033349        0.0000000000
      142.8000000000        0.0000134732        0.0000000000
      144.0000000000        0.0000497834        0.0000000002
      145.2000000000        0.0001688863        0.0000000019
      146.4000000000        0.0005279455        0.0000000193
      147.6000000000        0.0015261015        0.0000001638
      148.8000000000        0.0040928210        0.0000011853
      150.0000000000        0.0102161310        0.0000073677
      151.2000000000        0.0238062668        0.0000395812
      152.4000000000        0.0519391288        0.0001848299
      153.6000000000        0.1063892181        0.0007542275
      154.8000000000        0.2051388344        0.0027030356
      156.0000000000        0.3732869479        0.0085475394
      157.2000000000        0.6425879019        0.0239513498
      158.4000000000        1.0488755778        0.0597037926
      159.6000000000        1.6269951886        0.1328432567
      160.8000000000        2.4035901405        0.2645968837
      162.0000000000        3.3890441487        0.4727962312
      163.2000000000        4.5708145370        0.7588042106
      164.4000000000        5.9110793463        1.0936291717
      165.6000000000        7.3520098925        1.4120654951
      166.8000000000        8.8323357634        1.6231784540
      168.0000000000       10.3197638388        1.6381817147
      169.2000000000       11.8659403334        1.4059143420
      170.4000000000       13.6944612687        0.9390127186
      171.6000000000       16.3377170175        0.3164889302
      172.8000000000       20.8438017009       -0.3397460982
      174.0000000000       29.0777853987       -0.9028564631
      175.2000000000       44.1387755381       -1.2737636206
      176.4000000000       70.9015548791       -1.3889914762
      177.6000000000      116.6663602626       -1.1884372390
      178.8000000000      191.8623586442       -0.5285299029
      180.0000000000      310.7034814351        0.9811489144
      181.2000000000      491.6482056340        4.2511722239
      182.4000000000      757.4804770454       11.1301910606
      183.6000000000     1134.8218761953       24.9719162221
      184.8000000000     1652.9178485073       51.2747488547
      186.0000000000     2341.6193116071       98.1854853231
      187.2000000000     3228.6009238994      176.5103934457
      188.4000000000     4336.0027479061      298.7911565207
      189.6000000000     5676.8269695120      477.0817022782
      190.8000000000     7251.5346807921      719.3795157621
      192.0000000000     9045.3405178994     1025.2032534004
      193.2000000000    11026.6757412791     1381.4140672130
      194.4000000000    13147.1789725832     1759.7872979672
      195.6000000000    15343.3915056552     2117.7832711102
      196.8000000000    17540.1094888181     2403.3079995235
      198.0000000000    19655.1164426775     2563.1118180267
      199.2000000000    21604.8260485592     2553.2101258278
      200.4000000000    23310.2395700697     2348.8074740461
      201.6000000000    24702.5840273367     1951.0557499919
      202.8000000000    25728.0492672676     1388.6964740050
      204.0000000000    26351.1714266888      714.0056660703
      205.2000000000    26556.5919422899       -5.9914570597
      206.4000000000    26349.1239112398     -700.8601254101
      207.6000000000    25752.2499724764    -1307.9717797122
      208.8000000000    24805.3321573304    -1781.2093329598
      210.0000000000    23559.9176103640    -2095.6731833141
      211.2000000000    22075.5683810064    -2248.0486885799
      212.4000000000    20415.6319772746    -2253.3267912365
      213.6000000000    18643.3127842484    -2139.2229492361
      214.8000000000    16818.3178167480    -1939.8261203267
      216.0000000000    14994.2497911209    -1689.7956232679
      217.2000000000    13216.8208770725    -1419.9693647721
      218.4000000000    11522.8731614724    -1154.7316178426
      219.6000000000     9940.1241223014     -911.0533380557
      220.8000000000     8487.5104234637     -698.8383116306
      222.0000000000     7175.9807084474     -522.0955140825
      223.2000000000     6009.5848209771     -380.4786762354
      224.4000000000     4986.7185308656     -270.8354210911
      225.6000000000     4101.4043808004     -188.5389402193
      226.8000000000     3344.5159261266     -128.4970262768
      228.0000000000     2704.8804039469      -85.8255880702
      229.2000000000     2170.2207472742      -56.2307120579
      230.4000000000     1727.9199291363      -36.1689718584
      231.6000000000     1365.6079209989      -22.8587559985
      232.8000000000     1071.5838966178      -14.2052701028
      234.0000000000      835.0940764503       -8.6862963554
      235.2000000000      646.4894953523       -5.2299679671
      236.4000000000      497.2888455012       -3.1025487111
      237.6000000000      380.1702670716       -1.8144948017
      238.8000000000      288.9133187959       -1.0467918627
      240.0000000000      218.3090124359       -0.5960339854
      241.2000000000      164.0522388446       -0.3351319961
      242.4000000000      122.6274984327       -0.1861715632
      243.6000000000       91.1957938347       -0.1022286774
      244.8000000000       67.4879599343       -0.0555130386
      246.0000000000       49.7076298933       -0.0298244964
      247.2000000000       36.4454455145       -0.0158596153
      248.4000000000       26.6049637385       -0.0083508775
      249.6000000000       19.3399198679       -0.0043557545
      250.8000000000       14.0020095907       -0.0022513970
      252.0000000000       10.0980769976       -0.0011536067
      253.2000000000        7.2554835817       -0.0005861846
      254.4000000000        5.1944328601       -0.0002954816
      255.6000000000        3.7060963977       -0.0001478050
      256.8000000000        2.6354990732       -0.0000733921
      258.0000000000        1.8682522738       -0.0000361863
      259.2000000000        1.3203582118       -0.0000177216
      260.4000000000        0.9304370076       -0.0000086228
      261.6000000000        0.6538449812       -0.0000041697
      262.8000000000        0.4582550359       -0.0000020044
      264.0000000000        0.3203574018       -0.0000009581
      265.2000000000        0.2234118671       -0.0000004555
      266.4000000000        0.1554422512       -0.0000002154
      267.6000000000        0.1079118763       -0.0000001014
      268.8000000000        0.0747569034       -0.0000000475
      270.0000000000        0.0516842800       -0.0000000221
      271.2000000000        0.0356642132       -0.0000000103
      272.4000000000        0.0245648699       -0.0000000048
      273.6000000000        0.0168905323       -0.0000000022
      274.8000000000        0.0115946451       -0.0000000010
      276.0000000000        0.0079468295       -0.0000000005
      277.2000000000        0.0054386183       -0.0000000002
      278.4000000000        0.0037168614       -0.0000000001
      279.6000000000        0.0025368281       -0.0000000000
      280.8000000000        0.0017292803       -0.0000000000
      282.0000000000        0.0011774195       -0.0000000000
      283.2000000000        0.0008007912       -0.0000000000
      284.4000000000        0.0005440761       -0.0000000000
      285.6000000000        0.0003693015       -0.0000000000
      286.8000000000        0.0002504447       -0.0000000000
      288.0000000000        0.0001696990       -0.0000000000
      289.2000000000        0.0001148973       -0.0000000000
      290.4000000000        0.0000777372       -0.0000000000
      291.6000000000        0.0000525608       -0.0000000000
      292.8000000000        0.0000355167       -0.0000000000
      294.0000000000        0.0000239863       -0.0000000000
      295.2000000000        0.0000161912       -0.0000000000
      296.4000000000        0.0000109245       -0.0000000000
      297.6000000000        0.0000073680       -0.0000000000
      298.8000000000        0.0000049676       -0.0000000000
      300.0000000000        0.0000033482       -0.0000000000
      301.2000000000        0.0000022561       -0.0000000000
      302.4000000000        0.0000015199       -0.0000000000
      303.6000000000        0.0000010238       -0.0000000000
      304.8000000000        0.0000006895       -0.0000000000
      306.0000000000        0.0000004643       -0.0000000000
      307.2000000000        0.0000003127       -0.0000000000
      308.4000000000        0.0000002105       -0.0000000000
      309.6000000000        0.0000001418       -0.0000000000
      310.8000000000        0.0000000955       -0.0000000000
      312.0000000000        0.0000000643       -0.0000000000
      313.2000000000        0.0000000433       -0.0000000000
      314.4000000000        0.0000000292       -0.0000000000
      315.6000000000        0.0000000197       -0.0000000000
      316.8000000000        0.0000000132       -0.0000000000
      318.0000000000        0.0000000089       -0.0000000000
      319.2000000000        0.0000000060       -0.0000000000
      320.4000000000        0.0000000041       -0.0000000000
      321.6000000000        0.0000000027       -0.0000000000
      322.8000000000        0.0000000018       -0.0000000000
      324.0000000000        0.0000000012       -0.0000000000
      325.2000000000        0.0000000008       -0.0000000000
      326.4000000000        0.0000000006       -0.0000000000
      327.6000000000        0.0000000004       -0.0000000000
      328.8000000000        0.0000000003       -0.0000000000
      330.0000000000        0.0000000002       -0.0000000000
      331.2000000000        0.0000000001       -0.0000000000
      332.4000000000        0.0000000001       -0.0000000000
      333.6000000000        0.0000000001       -0.0000000000
      334.8000000000        0.0000000000       -0.0000000000
      336.0000000000        0.0000000000       -0.0000000000
      337.2000000000        0.0000000000       -0.0000000000
      338.4000000000        0.0000000000       -0.0000000000
      339.6000000000        0.0000000000       -0.0000000000
      340.8000000000        0.0000000000       -0.0000000000
      342.0000000000        0.0000000000       -0.0000000000
      343.2000000000        0.0000000000       -0.0000000000
      344.4000000000        0.0000000000       -0.0000000000
      345.6000000000        0.0000000000       -0.0000000000
      346.8000000000        0.0000000000       -0.0000000000
      348.0000000000        0.0000000000       -0.0000000000
      349.2000000000        0.0000000000       -0.0000000000
      350.4000000000        0.0000000000       -0.0000000000
      351.6000000000        0.0000000000       -0.0000000000
      352.8000000000        0.0000000000       -0.0000000000
      354.0000000000        0.0000000000       -0.0000000000
      355.2000000000        0.0000000000       -0.0000000000
      356.4000000000        0.0000000000       -0.0000000000
      357.6000000000        0.0000000000       -0.0000000000
      358.8000000000        0.0000000000       -0.0000000000
      360.0000000000        0.0000000000       -0.0000000000
      361.2000000000        0.0000000000       -0.0000000000
      362.4000000000        0.0000000000       -0.0000000000
      363.6000000000        0.0000000000       -0.0000000000
      364.8000000000        0.0000000000       -0.0000000000
      366.0000000000        0.0000000000       -0.0000000000
      367.2000000000        0.0000000000       -0.0000000000
      368.4000000000        0.0000000000       -0.0000000000
      369.6000000000        0.0000000000       -0.0000000000
      370.8000000000        0.0000000000       -0.0000000000
      372.0000000000        0.0000000000       -0.0000000000
      373.2000000000        0.0000000000       -0.0000000000
      374.4000000000        0.0000000000       -0.0000000000
      375.6000000000        0.0000000000       -0.0000000000
      376.8000000000        0.0000000000       -0.0000000000
      378.0000000000        0.0000000000       -0.0000000000
      379.2000000000        0.0000000000       -0.0000000000
      380.4000000000        0.0000000000       -0.0000000000
      381.6000000000        0.0000000000       -0.0000000000
      382.8000000000        0.0000000000       -0.0000000000
      384.0000000000        0.0000000000       -0.0000000000
      385.2000000000        0.0000000000       -0.0000000000
      386.4000000000        0.0000000000       -0.0000000000
      387.6000000000        0.0000000000       -0.0000000000
      388.8000000000        0.0000000000       -0.0000000000
      390.0000000000        0.0000000000       -0.0000000000
      391.2000000000        0.0000000000       -0.0000000000
      392.4000000000        0.0000000000       -0.0000000000
      393.6000000000        0.0000000000       -0.0000000000
      394.8000000000        0.0000000000       -0.0000000000
      396.0000000000        0.0000000000       -0.0000000000
      397.2000000000        0.0000000000       -0.0000000000
      398.4000000000        0.0000000000       -0.0000000000
      399.6000000000        0.0000000000       -0.0000000000
      400.8000000000        0.0000000000       -0.0000000000
      402.0000000000        0.0000000000       -0.0000000000
      403.2000000000        0.0000000000       -0.0000000000
      404.4000000000        0.0000000000       -0.0000000000
      405.6000000000        0.0000000000       -0.0000000000
      406.8000000000        0.0000000000       -0.0000000000
      408.0000000000        0.0000000000       -0.0000000000
      409.2000000000        0.0000000000       -0.0000000000
      410.4000000000        0.0000000000       -0.0000000000
      411.6000000000        0.0000000000       -0.0000000000
      412.8000000000        0.0000000000       -0.0000000000
      414.0000000000        0.0000000000       -0.0000000000
      415.2000000000        0.0000000000       -0.0000000000
      416.4000000000        0.0000000000       -0.0000000000
      417.6000000000        0.0000000000       -0.0000000000
      418.8000000000        0.0000000000       -0.0000000000
      420.0000000000        0.0000000000       -0.0000000000
      421.2000000000        0.0000000000       -0.0000000000
      422.4000000000        0.0000000000       -0.0000000000
      423.6000000000        0.0000000000       -0.0000000000
      424.8000000000        0.0000000000       -0.0000000000
      426.0000000000        0.0000000000       -0.0000000000
      427.2000000000        0.0000000000       -0.0000000000
      428.4000000000        0.0000000000       -0.0000000000
      429.6000000000        0.0000000000       -0.0000000000
      430.8000000000        0.0000000000       -0.0000000000
      432.0000000000        0.0000000000       -0.0000000000
      433.2000000000        0.0000000000       -0.0000000000
      434.4000000000        0.0000000000       -0.0000000000
      435.6000000000        0.0000000000       -0.0000000000
      436.8000000000        0.0000000000       -0.0000000000
      438.0000000000        0.0000000000       -0.0000000000
      439.2000000000        0.0000000000       -0.0000000000
      440.4000000000        0.0000000000       -0.0000000000
      441.6000000000        0.0000000000       -0.0000000000
      442.8000000000        0.0000000000       -0.0000000000
      444.0000000000        0.0000000000       -0.0000000000
      445.2000000000        0.0000000000       -0.0000000000
      446.4000000000        0.0000000000       -0.0000000000
      447.6000000000        0.0000000000       -0.0000000000
      448.8000000000        0.0000000000       -0.0000000000
      450.0000000000        0.0000000000       -0.0000000000
      451.2000000000        0.0000000000       -0.0000000000
      452.4000000000        0.0000000000       -0.0000000000
      453.6000000000        0.0000000000       -0.0000000000
      454.8000000000        0.0000000000       -0.0000000000
      456.0000000000        0.0000000000       -0.0000000000
      457.2000000000        0.0000000000       -0.0000000000
      458.4000000000        0.0000000000       -0.0000000000
      459.6000000000        0.0000000000       -0.0000000000
      460.8000000000        0.0000000000       -0.0000000000
      462.0000000000        0.0000000000       -0.0000000000
      463.2000000000        0.0000000000       -0.0000000000
      464.4000000000        0.0000000000       -0.0000000000
      465.6000000000        0.0000000000       -0.0000000000
      466.8000000000        0.0000000000       -0.0000000000
      468.0000000000        0.0000000000       -0.0000000000
      469.2000000000        0.0000000000       -0.0000000000
      470.4000000000        0.0000000000       -0.0000000000
      471.6000000000        0.0000000000       -0.0000000000
      472.8000000000        0.0000000000       -0.0000000000
      474.0000000000        0.0000000000       -0.0000000000
      475.2000000000        0.0000000000       -0.0000000000
      476.4000000000        0.0000000000       -0.0000000000
      477.6000000000        0.0000000000       -0.0000000000
      478.8000000000        0.0000000000       -0.0000000000
      480.0000000000        0.0000000000       -0.0000000000
      481.2000000000        0.0000000000       -0.0000000000
      482.4000000000        0.0000000000       -0.0000000000
      483.6000000000        0.0000000000       -0.0000000000
      484.8000000000        0.0000000000       -0.0000000000
      486.0000000000        0.0000000000       -0.0000000000
      487.2000000000        0.0000000000       -0.0000000000
      488.4000000000        0.0000000000       -0.0000000000
      489.6000000000        0.0000000000       -0.0000000000
      490.8000000000        0.0000000000       -0.0000000000
      492.0000000000        0.0000000000       -0.0000000000
      493.2000000000        0.0000000000       -0.0000000000
      494.4000000000        0.0000000000       -0.0000000000
      495.6000000000        0.0000000000       -0.0000000000
      496.8000000000        0.0000000000       -0.0000000000
      498.0000000000        0.0000000000       -0.0000000000
      499.2000000000        0.0000000000       -0.0000000000
      500.4000000000        0.0000000000       -0.0000000000
      501.6000000000        0.0000000000       -0.0000000000
      502.8000000000        0.0000000000       -0.0000000000
      504.0000000000        0.0000000000       -0.0000000000
      505.2000000000        0.0000000000       -0.0000000000
      506.4000000000        0.0000000000       -0.0000000000
      507.6000000000        0.0000000000       -0.0000000000
      508.8000000000        0.0000000000       -0.0000000000
      510.0000000000        0.0000000000       -0.0000000000
      511.2000000000        0.0000000000       -0.0000000000
      512.4000000000        0.0000000000       -0.0000000000
      513.6000000000        0.0000000000       -0.0000000000
      514.8000000000        0.0000000000       -0.0000000000
      516.0000000000        0.0000000000       -0.0000000000
      517.2000000000        0.0000000000       -0.0000000000
      518.4000000000        0.0000000000       -0.0000000000
      519.6000000000        0.0000000000       -0.0000000000
      520.8000000000        0.0000000000       -0.0000000000
      522.0000000000        0.0000000000       -0.0000000000
      523.2000000000        0.0000000000       -0.0000000000
      524.4000000000        0.0000000000       -0.0000000000
      525.6000000000        0.0000000000       -0.0000000000
      526.8000000000        0.0000000000       -0.0000000000
      528.0000000000        0.0000000000       -0.0000000000
      529.2000000000        0.0000000000       -0.0000000000
      530.4000000000        0.0000000000       -0.0000000000
      531.6000000000        0.0000000000       -0.0000000000
      532.8000000000        0.0000000000       -0.0000000000
      534.0000000000        0.0000000000       -0.0000000000
      535.2000000000        0.0000000000       -0.0000000000
      536.4000000000        0.0000000000       -0.0000000000
      537.6000000000        0.0000000000       -0.0000000000
      538.8000000000        0.0000000000       -0.0000000000
      540.0000000000        0.0000000000       -0.0000000000
      541.2000000000        0.0000000000       -0.0000000000
      542.4000000000        0.0000000000       -0.0000000000
      543.6000000000        0.0000000000       -0.0000000000
      544.8000000000        0.0000000000       -0.0000000000
      546.0000000000        0.0000000000       -0.0000000000
      547.2000000000        0.0000000000       -0.0000000000
      548.4000000000        0.0000000000       -0.0000000000
      549.6000000000        0.0000000000       -0.0000000000
      550.8000000000        0.0000000000       -0.0000000000
      552.0000000000        0.0000000000       -0.0000000000
      553.2000000000        0.0000000000       -0.0000000000
      554.4000000000        0.0000000000       -0.0000000000
      555.6000000000        0.0000000000       -0.0000000000
      556.8000000000        0.0000000000       -0.0000000000
      558.0000000000        0.0000000000       -0.0000000000
      559.2000000000        0.0000000000       -0.0000000000
      560.4000000000        0.0000000000       -0.0000000000
      561.6000000000        0.0000000000       -0.0000000000
      562.8000000000        0.0000000000       -0.0000000000
      564.0000000000        0.0000000000       -0.0000000000
      565.2000000000        0.0000000000       -0.0000000000
      566.4000000000        0.0000000000       -0.0000000000
      567.6000000000        0.0000000000       -0.0000000000
      568.8000000000        0.0000000000       -0.0000000000
      570.0000000000        0.0000000000       -0.0000000000
      571.2000000000        0.0000000000       -0.0000000000
      572.4000000000        0.0000000000       -0.0000000000
      573.6000000000        0.0000000000       -0.0000000000
      574.8000000000        0.0000000000       -0.0000000000
      576.0000000000        0.0000000000       -0.0000000000
      577.2000000000        0.0000000000       -0.0000000000
      578.4000000000        0.0000000000       -0.0000000000
      579.6000000000        0.0000000000       -0.0000000000
      580.8000000000        0.0000000000       -0.0000000000
      582.0000000000        0.0000000000       -0.0000000000
      583.2000000000        0.0000000000       -0.0000000000
      584.4000000000        0.0000000000       -0.0000000000
      585.6000000000        0.0000000000       -0.0000000000
      586.8000000000        0.0000000000       -0.0000000000
      588.0000000000        0.0000000000       -0.0000000000
      589.2000000000        0.0000000000       -0.0000000000
      590.4000000000        0.0000000000       -0.0000000000
      591.6000000000        0.0000000000       -0.0000000000
      592.8000000000        0.0000000000       -0.0000000000
      594.0000000000        0.0000000000       -0.0000000000
      595.2000000000        0.0000000000       -0.0000000000
      596.4000000000        0.0000000000       -0.0000000000
      597.6000000000        0.0000000000       -0.0000000000
      598.8000000000        0.0000000000       -0.0000000000
      600.0000000000        0.0000000000       -0.0000000000
