     -100.0000000000        0.0000000000        0.0000000000
      -98.0000000000        0.0000000000        0.0000000000
      -96.0000000000        0.0000000000        0.0000000000
      -94.0000000000        0.0000000000        0.0000000000
      -92.0000000000        0.0000000000        0.0000000000
      -90.0000000000        0.0000000000        0.0000000000
      -88.0000000000        0.0000000000        0.0000000000
      -86.0000000000        0.0000000000        0.0000000000
      -84.0000000000        0.0000000000        0.0000000000
      -82.0000000000        0.0000000000        0.0000000000
      -80.0000000000        0.0000000000        0.0000000000
      -78.0000000000        0.0000000000        0.0000000000
      -76.0000000000        0.0000000000        0.0000000000
      -74.0000000000        0.0000000000        0.0000000000
      -72.0000000000        0.0000000000        0.0000000000
      -70.0000000000        0.0000000000        0.0000000000
      -68.0000000000        0.0000000000        0.0000000000
      -66.0000000000        0.0000000000        0.0000000000
      -64.0000000000        0.0000000000        0.0000000000
      -62.0000000000        0.0000000000        0.0000000000
      -60.0000000000        0.0000000000        0.0000000000
      -58.0000000000        0.0000000000        0.0000000000
      -56.0000000000        0.0000000000        0.0000000000
      -54.0000000000        0.0000000000        0.0000000000
      -52.0000000000        0.0000000000        0.0000000000
      -50.0000000000        0.0000000000        0.0000000000
      -48.0000000000        0.0000000000        0.0000000000
      -46.0000000000        0.0000000000        0.0000000000
      -44.0000000000        0.0000000000        0.0000000000
      -42.0000000000        0.0000000000        0.0000000000
      -40.0000000000        0.0000000000        0.0000000000
      -38.0000000000        0.0000000000        0.0000000000
      -36.0000000000        0.0000000000        0.0000000000
      -34.0000000000        0.0000000000        0.0000000000
      -32.0000000000        0.0000000000        0.0000000000
      -30.0000000000        0.0000000000        0.0000000000
      -28.0000000000        0.0000000000        0.0000000000
      -26.0000000000        0.0000000000        0.0000000000
      -24.0000000000        0.0000000000        0.0000000000
      -22.0000000000        0.0000000000        0.0000000000
      -20.0000000000        0.0000000000        0.0000000000
      -18.0000000000        0.0000000000        0.0000000000
      -16.0000000000        0.0000000000        0.0000000000
      -14.0000000000        0.0000000000        0.0000000000
      -12.0000000000        0.0000000000        0.0000000000
      -10.0000000000        0.0000000000        0.0000000000
       -8.0000000000        0.0000000000        0.0000000000
       -6.0000000000        0.0000000000        0.0000000000
       -4.0000000000        0.0000000000        0.0000000000
       -2.0000000000        0.0000000000        0.0000000000
        0.0000000000        0.0000000000                 nan
        2.0000000000        0.0000000000        0.0000000000
        4.0000000000        0.0000000000        0.0000000000
        6.0000000000        0.0000000000        0.0000000000
        8.0000000000        0.0000000000        0.0000000000
       10.0000000000        0.0000000000        0.0000000000
       12.0000000000        0.0000000000        0.0000000000
       14.0000000000        0.0000000000        0.0000000000
       16.0000000000        0.0000000000        0.0000000000
       18.0000000000        0.0000000000        0.0000000000
       20.0000000000        0.0000000000        0.0000000000
       22.0000000000        0.0000000000        0.0000000000
       24.0000000000        0.0000000000        0.0000000000
       26.0000000000        0.0000000000        0.0000000000
       28.0000000000        0.0000000000        0.0000000000
       30.0000000000        0.0000000000        0.0000000000
       32.0000000000        0.0000000000        0.0000000000
       34.0000000000        0.0000000000        0.0000000000
       36.0000000000        0.0000000000        0.0000000000
       38.0000000000        0.0000000000        0.0000000000
       40.0000000000        0.0000000000        0.0000000000
       42.0000000000        0.0000000000        0.0000000000
       44.0000000000        0.0000000000        0.0000000000
       46.0000000000        0.0000000000        0.0000000000
       48.0000000000        0.0000000000        0.0000000000
       50.0000000000        0.0000000000        0.0000000000
       52.0000000000        0.0000000000        0.0000000000
       54.0000000000        0.0000000000        0.0000000000
       56.0000000000        0.0000000000        0.0000000000
       58.0000000000        0.0000000000        0.0000000000
       60.0000000000        0.0000000000        0.0000000000
       62.0000000000        0.0000000000        0.0000000000
       64.0000000000        0.0000000000        0.0000000000
       66.0000000000        0.0000000000        0.0000000000
       68.0000000000        0.0000000000        0.0000000000
       70.0000000000        0.0000000000        0.0000000000
       72.0000000000        0.0000000000        0.0000000000
       74.0000000000        0.0000000000        0.0000000000
       76.0000000000        0.0000000000        0.0000000000
       78.0000000000        0.0000000000        0.0000000000
       80.0000000000        0.0000000000        0.0000000000
       82.0000000000        0.0000000000        0.0000000000
       84.0000000000        0.0000000000        0.0000000000
       86.0000000000        0.0000000000        0.0000000000
       88.0000000000        0.0000000000        0.0000000000
       90.0000000000        0.0000000000        0.0000000000
       92.0000000000        0.0000000000        0.0000000000
       94.0000000000        0.0000000000        0.0000000000
       96.0000000000        0.0000000000        0.0000000000
       98.0000000000        0.0000000000        0.0000000000
      100.0000000000        0.0000000000        0.0000000000
      102.0000000000        0.0000000000        0.0000000000
      104.0000000000        0.0000000000        0.0000000000
      106.0000000000        0.0000000000        0.0000000000
      108.0000000000        0.0000000000        0.0000000000
      110.0000000000        0.0000000000        0.0000000000
      112.0000000000        0.0000000000        0.0000000000
      114.0000000000        0.0000000000        0.0000000000
      116.0000000000        0.0000000000        0.0000000000
      118.0000000000        0.0000000000        0.0000000000
      120.0000000000        0.0000000000        0.0000000000
      122.0000000000        0.0000000000        0.0000000000
      124.0000000000        0.0000000000        0.0000000000
      126.0000000000        0.0000000000        0.0000000000
      128.0000000000        0.0000000000        0.0000000000
      130.0000000000        0.0000000000        0.0000000000
      132.0000000000        0.0000000000        0.0000000000
      134.0000000000        0.0000000000        0.0000000000
      136.0000000000        0.0000000000        0.0000000000
      138.0000000000        0.0000000000        0.0000000000
      140.0000000000        0.0000000000        0.0000000000
      142.0000000000        0.0000000000        0.0000000000
      144.0000000000        0.0000000000        0.0000000000
      146.0000000000        0.0000000000        0.0000000000
      148.0000000000        0.0000000000        0.0000000000
      150.0000000000        0.0000000000        0.0000000000
      152.0000000000        0.0000000000        0.0000000000
      154.0000000000        0.0000000000        0.0000000000
      156.0000000000        0.0000000000        0.0000000000
      158.0000000000        0.0000000000        0.0000000000
      160.0000000000        0.0000000000        0.0000000000
      162.0000000000        0.0000000000        0.0000000000
      164.0000000000        0.0000000000        0.0000000000
      166.0000000000        0.0000000000        0.0000000000
      168.0000000000        0.0000000000        0.0000000000
      170.0000000000        0.0000000000        0.0000000000
      172.0000000000        0.0000000001        0.0000000000
      174.0000000000        0.0000000007        0.0000000000
      176.0000000000        0.0000000061        0.0000000000
      178.0000000000        0.0000000508        0.0000000000
      180.0000000000        0.0000003716        0.0000000000
      182.0000000000        0.0000024205        0.0000000000
      184.0000000000        0.0000141222        0.0000000000
      186.0000000000        0.0000742365        0.0000000000
      188.0000000000        0.0003535076        0.0000000000
      190.0000000000        0.0015327250        0.0000000000
      192.0000000000        0.0060800132        0.0000000003
      194.0000000000        0.0221661470        0.0000000047
      196.0000000000        0.0745899175        0.0000000548
      198.0000000000        0.2326100875        0.0000005476
      200.0000000000        0.6748260610        0.0000047042
      202.0000000000        1.8278255118        0.0000349949
      204.0000000000        4.6380560479        0.0002270064
      206.0000000000       11.0609857543        0.0012925229
      208.0000000000       24.8674283815        0.0064997766
      210.0000000000       52.8565454819        0.0290373407
      212.0000000000      106.5080740199        0.1158788244
      214.0000000000      203.9879434081        0.4152310337
      216.0000000000      372.2443681241        1.3425435182
      218.0000000000      648.7262707813        3.9346253602
      220.0000000000     1082.0826633026       10.4971399472
      222.0000000000     1731.1383358210       25.5953840933
      224.0000000000     2661.5583744271       57.2506140202
      226.0000000000     3939.9435094138      117.8699487390
      228.0000000000     5625.6088407997      224.0645973109
      230.0000000000     7760.8905836679      394.3566706647
      232.0000000000    10361.3515776477      644.1519829698
      234.0000000000    13407.5622528985      978.4070594003
      236.0000000000    16840.1076672915     1383.8830597988
      238.0000000000    20559.0822103871     1824.0661703730
      240.0000000000    24428.6457274288     2239.9182135899
      242.0000000000    28286.3716403408     2558.1578095756
      244.0000000000    31956.3023555395     2706.0985463034
      246.0000000000    35264.0130133472     2629.2747322250
      248.0000000000    38051.6907332740     2306.4899152496
      250.0000000000    40191.3030017570     1757.3702817634
      252.0000000000    41594.3148305972     1039.8844608966
      254.0000000000    42217.0170057247      238.5997950835
      256.0000000000    42061.2139799985     -552.6832254467
      258.0000000000    41170.6596934310    -1248.9013405029
      260.0000000000    39624.1225814829    -1787.7251091636
      262.0000000000    37526.2515488767    -2136.8134436592
      264.0000000000    34997.4935320203    -2293.8673083385
      266.0000000000    32164.2094703563    -2280.9709078638
      268.0000000000    29149.9022121181    -2135.7699972487
      270.0000000000    26068.1690259648    -1902.1279456796
      272.0000000000    23017.6806518285    -1622.2754410022
      274.0000000000    20079.2129252168    -1331.5278058983
      276.0000000000    17314.5438351027    -1055.7464451005
      278.0000000000    14766.8897059356     -811.0895347437
      280.0000000000    12462.4867321399     -605.2963852414
      282.0000000000    10412.9168476140     -439.7290861606
      284.0000000000     8617.8137074791     -311.5490055364
      286.0000000000     7067.6483402105     -215.6275212731
      288.0000000000     5746.3695538588     -146.0014097939
      290.0000000000     4633.7495363112      -96.8418662873
      292.0000000000     3707.3521943341      -63.0014931883
      294.0000000000     2944.0961539714      -40.2444894032
      296.0000000000     2321.4244706080      -25.2685395653
      298.0000000000     1818.1195658540      -15.6095700416
      300.0000000000     1414.8166192492       -9.4957705831
      302.0000000000     1094.2741078733       -5.6933106131
      304.0000000000      841.4590172761       -3.3669750825
      306.0000000000      643.4988175722       -1.9655333149
      308.0000000000      489.5445680774       -1.1334267641
      310.0000000000      370.5809646066       -0.6460551517
      312.0000000000      279.2107994017       -0.3642370419
      314.0000000000      209.4337948993       -0.2032348831
      316.0000000000      156.4334199794       -0.1122949427
      318.0000000000      116.3801978745       -0.0614760510
      320.0000000000       86.2561178854       -0.0333626233
      322.0000000000       63.7019320207       -0.0179571285
      324.0000000000       46.8871766712       -0.0095904736
      326.0000000000       34.4015247283       -0.0050846877
      328.0000000000       25.1653734747       -0.0026772893
      330.0000000000       18.3572591328       -0.0014005882
      332.0000000000       13.3556379674       -0.0007282478
      334.0000000000        9.6926908625       -0.0003764986
      336.0000000000        7.0180220570       -0.0001936056
      338.0000000000        5.0703824162       -0.0000990583
      340.0000000000        3.6558188585       -0.0000504456
      342.0000000000        2.6309125571       -0.0000255772
      344.0000000000        1.8900067696       -0.0000129153
      346.0000000000        1.3555345712       -0.0000064969
      348.0000000000        0.9707356924       -0.0000032567
      350.0000000000        0.6942010993       -0.0000016272
      352.0000000000        0.4958064664       -0.0000008106
      354.0000000000        0.3536945733       -0.0000004026
      356.0000000000        0.2520453985       -0.0000001995
      358.0000000000        0.1794346679       -0.0000000986
      360.0000000000        0.1276299053       -0.0000000487
      362.0000000000        0.0907103174       -0.0000000240
      364.0000000000        0.0644253984       -0.0000000118
      366.0000000000        0.0457288446       -0.0000000058
      368.0000000000        0.0324407632       -0.0000000028
      370.0000000000        0.0230034632       -0.0000000014
      372.0000000000        0.0163053064       -0.0000000007
      374.0000000000        0.0115539166       -0.0000000003
      376.0000000000        0.0081850944       -0.0000000002
      378.0000000000        0.0057975012       -0.0000000001
      380.0000000000        0.0041058965       -0.0000000000
      382.0000000000        0.0029077117       -0.0000000000
      384.0000000000        0.0020591882       -0.0000000000
      386.0000000000        0.0014583647       -0.0000000000
      388.0000000000        0.0010329631       -0.0000000000
      390.0000000000        0.0007317692       -0.0000000000
      392.0000000000        0.0005185079       -0.0000000000
      394.0000000000        0.0003674929       -0.0000000000
      396.0000000000        0.0002605399       -0.0000000000
      398.0000000000        0.0001847779       -0.0000000000
      400.0000000000        0.0001310974       -0.0000000000
      402.0000000000        0.0000930516       -0.0000000000
      404.0000000000        0.0000660778       -0.0000000000
      406.0000000000        0.0000469467       -0.0000000000
      408.0000000000        0.0000333723       -0.0000000000
      410.0000000000        0.0000237364       -0.0000000000
      412.0000000000        0.0000168930       -0.0000000000
      414.0000000000        0.0000120301       -0.0000000000
      416.0000000000        0.0000085728       -0.0000000000
      418.0000000000        0.0000061132       -0.0000000000
      420.0000000000        0.0000043624       -0.0000000000
      422.0000000000        0.0000031154       -0.0000000000
      424.0000000000        0.0000022265       -0.0000000000
      426.0000000000        0.0000015925       -0.0000000000
      428.0000000000        0.0000011399       -0.0000000000
      430.0000000000        0.0000008167       -0.0000000000
      432.0000000000        0.0000005856       -0.0000000000
      434.0000000000        0.0000004202       -0.0000000000
      436.0000000000        0.0000003019       -0.0000000000
      438.0000000000        0.0000002170       -0.0000000000
      440.0000000000        0.0000001562       -0.0000000000
      442.0000000000        0.0000001125       -0.0000000000
      444.0000000000        0.0000000811       -0.0000000000
      446.0000000000        0.0000000585       -0.0000000000
      448.0000000000        0.0000000423       -0.0000000000
      450.0000000000        0.0000000306       -0.0000000000
      452.0000000000        0.0000000221       -0.0000000000
      454.0000000000        0.0000000160       -0.0000000000
      456.0000000000        0.0000000116       -0.0000000000
      458.0000000000        0.0000000084       -0.0000000000
      460.0000000000        0.0000000061       -0.0000000000
      462.0000000000        0.0000000045       -0.0000000000
      464.0000000000        0.0000000033       -0.0000000000
      466.0000000000        0.0000000024       -0.0000000000
      468.0000000000        0.0000000017       -0.0000000000
      470.0000000000        0.0000000013       -0.0000000000
      472.0000000000        0.0000000009       -0.0000000000
      474.0000000000        0.0000000007       -0.0000000000
      476.0000000000        0.0000000005       -0.0000000000
      478.0000000000        0.0000000004       -0.0000000000
      480.0000000000        0.0000000003       -0.0000000000
      482.0000000000        0.0000000002       -0.0000000000
      484.0000000000        0.0000000001       -0.0000000000
      486.0000000000        0.0000000001       -0.0000000000
      488.0000000000        0.0000000001       -0.0000000000
      490.0000000000        0.0000000001       -0.0000000000
      492.0000000000        0.0000000000       -0.0000000000
      494.0000000000        0.0000000000       -0.0000000000
      496.0000000000        0.0000000000       -0.0000000000
      498.0000000000        0.0000000000       -0.0000000000
      500.0000000000        0.0000000000       -0.0000000000
      502.0000000000        0.0000000000       -0.0000000000
      504.0000000000        0.0000000000       -0.0000000000
      506.0000000000        0.0000000000       -0.0000000000
      508.0000000000        0.0000000000       -0.0000000000
      510.0000000000        0.0000000000       -0.0000000000
      512.0000000000        0.0000000000       -0.0000000000
      514.0000000000        0.0000000000       -0.0000000000
      516.0000000000        0.0000000000       -0.0000000000
      518.0000000000        0.0000000000       -0.0000000000
      520.0000000000        0.0000000000       -0.0000000000
      522.0000000000        0.0000000000       -0.0000000000
      524.0000000000        0.0000000000       -0.0000000000
      526.0000000000        0.0000000000       -0.0000000000
      528.0000000000        0.0000000000       -0.0000000000
      530.0000000000        0.0000000000       -0.0000000000
      532.0000000000        0.0000000000       -0.0000000000
      534.0000000000        0.0000000000       -0.0000000000
      536.0000000000        0.0000000000       -0.0000000000
      538.0000000000        0.0000000000       -0.0000000000
      540.0000000000        0.0000000000       -0.0000000000
      542.0000000000        0.0000000000       -0.0000000000
      544.0000000000        0.0000000000       -0.0000000000
      546.0000000000        0.0000000000       -0.0000000000
      548.0000000000        0.0000000000       -0.0000000000
      550.0000000000        0.0000000000       -0.0000000000
      552.0000000000        0.0000000000       -0.0000000000
      554.0000000000        0.0000000000       -0.0000000000
      556.0000000000        0.0000000000       -0.0000000000
      558.0000000000        0.0000000000       -0.0000000000
      560.0000000000        0.0000000000       -0.0000000000
      562.0000000000        0.0000000000       -0.0000000000
      564.0000000000        0.0000000000       -0.0000000000
      566.0000000000        0.0000000000       -0.0000000000
      568.0000000000        0.0000000000       -0.0000000000
      570.0000000000        0.0000000000       -0.0000000000
      572.0000000000        0.0000000000       -0.0000000000
      574.0000000000        0.0000000000       -0.0000000000
      576.0000000000        0.0000000000       -0.0000000000
      578.0000000000        0.0000000000       -0.0000000000
      580.0000000000        0.0000000000       -0.0000000000
      582.0000000000        0.0000000000       -0.0000000000
      584.0000000000        0.0000000000       -0.0000000000
      586.0000000000        0.0000000000       -0.0000000000
      588.0000000000        0.0000000000       -0.0000000000
      590.0000000000        0.0000000000       -0.0000000000
      592.0000000000        0.0000000000       -0.0000000000
      594.0000000000        0.0000000000       -0.0000000000
      596.0000000000        0.0000000000       -0.0000000000
      598.0000000000        0.0000000000       -0.0000000000
      600.0000000000        0.0000000000       -0.0000000000
      602.0000000000        0.0000000000       -0.0000000000
      604.0000000000        0.0000000000       -0.0000000000
      606.0000000000        0.0000000000       -0.0000000000
      608.0000000000        0.0000000000       -0.0000000000
      610.0000000000        0.0000000000       -0.0000000000
      612.0000000000        0.0000000000       -0.0000000000
      614.0000000000        0.0000000000       -0.0000000000
      616.0000000000        0.0000000000       -0.0000000000
      618.0000000000        0.0000000000       -0.0000000000
      620.0000000000        0.0000000000       -0.0000000000
      622.0000000000        0.0000000000       -0.0000000000
      624.0000000000        0.0000000000       -0.0000000000
      626.0000000000        0.0000000000       -0.0000000000
      628.0000000000        0.0000000000       -0.0000000000
      630.0000000000        0.0000000000       -0.0000000000
      632.0000000000        0.0000000000       -0.0000000000
      634.0000000000        0.0000000000       -0.0000000000
      636.0000000000        0.0000000000       -0.0000000000
      638.0000000000        0.0000000000       -0.0000000000
      640.0000000000        0.0000000000       -0.0000000000
      642.0000000000        0.0000000000       -0.0000000000
      644.0000000000        0.0000000000       -0.0000000000
      646.0000000000        0.0000000000       -0.0000000000
      648.0000000000        0.0000000000       -0.0000000000
      650.0000000000        0.0000000000       -0.0000000000
      652.0000000000        0.0000000000       -0.0000000000
      654.0000000000        0.0000000000       -0.0000000000
      656.0000000000        0.0000000000       -0.0000000000
      658.0000000000        0.0000000000       -0.0000000000
      660.0000000000        0.0000000000       -0.0000000000
      662.0000000000        0.0000000000       -0.0000000000
      664.0000000000        0.0000000000       -0.0000000000
      666.0000000000        0.0000000000       -0.0000000000
      668.0000000000        0.0000000000       -0.0000000000
      670.0000000000        0.0000000000       -0.0000000000
      672.0000000000        0.0000000000       -0.0000000000
      674.0000000000        0.0000000000       -0.0000000000
      676.0000000000        0.0000000000       -0.0000000000
      678.0000000000        0.0000000000       -0.0000000000
      680.0000000000        0.0000000000       -0.0000000000
      682.0000000000        0.0000000000       -0.0000000000
      684.0000000000        0.0000000000       -0.0000000000
      686.0000000000        0.0000000000       -0.0000000000
      688.0000000000        0.0000000000       -0.0000000000
      690.0000000000        0.0000000000       -0.0000000000
      692.0000000000        0.0000000000       -0.0000000000
      694.0000000000        0.0000000000       -0.0000000000
      696.0000000000        0.0000000000       -0.0000000000
      698.0000000000        0.0000000000       -0.0000000000
      700.0000000000        0.0000000000       -0.0000000000
      702.0000000000        0.0000000000       -0.0000000000
      704.0000000000        0.0000000000       -0.0000000000
      706.0000000000        0.0000000000       -0.0000000000
      708.0000000000        0.0000000000       -0.0000000000
      710.0000000000        0.0000000000       -0.0000000000
      712.0000000000        0.0000000000       -0.0000000000
      714.0000000000        0.0000000000       -0.0000000000
      716.0000000000        0.0000000000       -0.0000000000
      718.0000000000        0.0000000000       -0.0000000000
      720.0000000000        0.0000000000       -0.0000000000
      722.0000000000        0.0000000000       -0.0000000000
      724.0000000000        0.0000000000       -0.0000000000
      726.0000000000        0.0000000000       -0.0000000000
      728.0000000000        0.0000000000       -0.0000000000
      730.0000000000        0.0000000000       -0.0000000000
      732.0000000000        0.0000000000       -0.0000000000
      734.0000000000        0.0000000000       -0.0000000000
      736.0000000000        0.0000000000       -0.0000000000
      738.0000000000        0.0000000000       -0.0000000000
      740.0000000000        0.0000000000       -0.0000000000
      742.0000000000        0.0000000000       -0.0000000000
      744.0000000000        0.0000000000       -0.0000000000
      746.0000000000        0.0000000000       -0.0000000000
      748.0000000000        0.0000000000       -0.0000000000
      750.0000000000        0.0000000000       -0.0000000000
      752.0000000000        0.0000000000       -0.0000000000
      754.0000000000        0.0000000000       -0.0000000000
      756.0000000000        0.0000000000       -0.0000000000
      758.0000000000        0.0000000000       -0.0000000000
      760.0000000000        0.0000000000       -0.0000000000
      762.0000000000        0.0000000000       -0.0000000000
      764.0000000000        0.0000000000       -0.0000000000
      766.0000000000        0.0000000000       -0.0000000000
      768.0000000000        0.0000000000       -0.0000000000
      770.0000000000        0.0000000000       -0.0000000000
      772.0000000000        0.0000000000       -0.0000000000
      774.0000000000        0.0000000000       -0.0000000000
      776.0000000000        0.0000000000       -0.0000000000
      778.0000000000        0.0000000000       -0.0000000000
      780.0000000000        0.0000000000       -0.0000000000
      782.0000000000        0.0000000000       -0.0000000000
      784.0000000000        0.0000000000       -0.0000000000
      786.0000000000        0.0000000000       -0.0000000000
      788.0000000000        0.0000000000       -0.0000000000
      790.0000000000        0.0000000000       -0.0000000000
      792.0000000000        0.0000000000       -0.0000000000
      794.0000000000        0.0000000000       -0.0000000000
      796.0000000000        0.0000000000       -0.0000000000
      798.0000000000        0.0000000000       -0.0000000000
      800.0000000000        0.0000000000       -0.0000000000
      802.0000000000        0.0000000000       -0.0000000000
      804.0000000000        0.0000000000       -0.0000000000
      806.0000000000        0.0000000000       -0.0000000000
      808.0000000000        0.0000000000       -0.0000000000
      810.0000000000        0.0000000000       -0.0000000000
      812.0000000000        0.0000000000       -0.0000000000
      814.0000000000        0.0000000000       -0.0000000000
      816.0000000000        0.0000000000       -0.0000000000
      818.0000000000        0.0000000000       -0.0000000000
      820.0000000000        0.0000000000       -0.0000000000
      822.0000000000        0.0000000000       -0.0000000000
      824.0000000000        0.0000000000       -0.0000000000
      826.0000000000        0.0000000000       -0.0000000000
      828.0000000000        0.0000000000       -0.0000000000
      830.0000000000        0.0000000000       -0.0000000000
      832.0000000000        0.0000000000       -0.0000000000
      834.0000000000        0.0000000000       -0.0000000000
      836.0000000000        0.0000000000       -0.0000000000
      838.0000000000        0.0000000000       -0.0000000000
      840.0000000000        0.0000000000       -0.0000000000
      842.0000000000        0.0000000000       -0.0000000000
      844.0000000000        0.0000000000       -0.0000000000
      846.0000000000        0.0000000000       -0.0000000000
      848.0000000000        0.0000000000       -0.0000000000
      850.0000000000        0.0000000000       -0.0000000000
      852.0000000000        0.0000000000       -0.0000000000
      854.0000000000        0.0000000000       -0.0000000000
      856.0000000000        0.0000000000       -0.0000000000
      858.0000000000        0.0000000000       -0.0000000000
      860.0000000000        0.0000000000       -0.0000000000
      862.0000000000        0.0000000000       -0.0000000000
      864.0000000000        0.0000000000       -0.0000000000
      866.0000000000        0.0000000000       -0.0000000000
      868.0000000000        0.0000000000       -0.0000000000
      870.0000000000        0.0000000000       -0.0000000000
      872.0000000000        0.0000000000       -0.0000000000
      874.0000000000        0.0000000000       -0.0000000000
      876.0000000000        0.0000000000       -0.0000000000
      878.0000000000        0.0000000000       -0.0000000000
      880.0000000000        0.0000000000       -0.0000000000
      882.0000000000        0.0000000000       -0.0000000000
      884.0000000000        0.0000000000       -0.0000000000
      886.0000000000        0.0000000000       -0.0000000000
      888.0000000000        0.0000000000       -0.0000000000
      890.0000000000        0.0000000000       -0.0000000000
      892.0000000000        0.0000000000       -0.0000000000
      894.0000000000        0.0000000000       -0.0000000000
      896.0000000000        0.0000000000       -0.0000000000
      898.0000000000        0.0000000000       -0.0000000000
