     -200.0000000000        0.0000000000        0.0000000000
     -197.2000000000        0.0000000000        0.0000000000
     -194.4000000000        0.0000000000        0.0000000000
     -191.6000000000        0.0000000000        0.0000000000
     -188.8000000000        0.0000000000        0.0000000000
     -186.0000000000        0.0000000000        0.0000000000
     -183.2000000000        0.0000000000        0.0000000000
     -180.4000000000        0.0000000000        0.0000000000
     -177.6000000000        0.0000000000        0.0000000000
     -174.8000000000        0.0000000000        0.0000000000
     -172.0000000000        0.0000000000        0.0000000000
     -169.2000000000        0.0000000000        0.0000000000
     -166.4000000000        0.0000000000        0.0000000000
     -163.6000000000        0.0000000000        0.0000000000
     -160.8000000000        0.0000000000        0.0000000000
     -158.0000000000        0.0000000000        0.0000000000
     -155.2000000000        0.0000000000        0.0000000000
     -152.4000000000        0.0000000000        0.0000000000
     -149.6000000000        0.0000000000        0.0000000000
     -146.8000000000        0.0000000000        0.0000000000
     -144.0000000000        0.0000000000        0.0000000000
     -141.2000000000        0.0000000000        0.0000000000
     -138.4000000000        0.0000000000        0.0000000000
     -135.6000000000        0.0000000000        0.0000000000
     -132.8000000000        0.0000000000        0.0000000000
     -130.0000000000        0.0000000000        0.0000000000
     -127.2000000000        0.0000000000        0.0000000000
     -124.4000000000        0.0000000000        0.0000000000
     -121.6000000000        0.0000000000        0.0000000000
     -118.8000000000        0.0000000000        0.0000000000
     -116.0000000000        0.0000000000        0.0000000000
     -113.2000000000        0.0000000000        0.0000000000
     -110.4000000000        0.0000000000        0.0000000000
     -107.6000000000        0.0000000000        0.0000000000
     -104.8000000000        0.0000000000        0.0000000000
     -102.0000000000        0.0000000000        0.0000000000
      -99.2000000000        0.0000000000        0.0000000000
      -96.4000000000        0.0000000000        0.0000000000
      -93.6000000000        0.0000000000        0.0000000000
      -90.8000000000        0.0000000000        0.0000000000
      -88.0000000000        0.0000000000        0.0000000000
      -85.2000000000        0.0000000000        0.0000000000
      -82.4000000000        0.0000000000        0.0000000000
      -79.6000000000        0.0000000000        0.0000000000
      -76.8000000000        0.0000000000        0.0000000000
      -74.0000000000        0.0000000000        0.0000000000
      -71.2000000000        0.0000000000        0.0000000000
      -68.4000000000        0.0000000000        0.0000000000
      -65.6000000000        0.0000000000        0.0000000000
      -62.8000000000        0.0000000000        0.0000000000
      -60.0000000000        0.0000000000        0.0000000000
      -57.2000000000        0.0000000000        0.0000000000
      -54.4000000000        0.0000000000        0.0000000000
      -51.6000000000        0.0000000000        0.0000000000
      -48.8000000000        0.0000000000        0.0000000000
      -46.0000000000        0.0000000000        0.0000000000
      -43.2000000000        0.0000000000        0.0000000000
      -40.4000000000        0.0000000000        0.0000000000
      -37.6000000000        0.0000000000        0.0000000000
      -34.8000000000        0.0000000000        0.0000000000
      -32.0000000000        0.0000000000        0.0000000000
      -29.2000000000        0.0000000000        0.0000000000
      -26.4000000000        0.0000000000        0.0000000000
      -23.6000000000        0.0000000000        0.0000000000
      -20.8000000000        0.0000000000        0.0000000000
      -18.0000000000        0.0000000000        0.0000000000
      -15.2000000000        0.0000000000        0.0000000000
      -12.4000000000        0.0000000000        0.0000000000
       -9.6000000000        0.0000000000        0.0000000000
       -6.8000000000        0.0000000000        0.0000000000
       -4.0000000000        0.0000000000        0.0000000000
       -1.2000000000        0.0000000000        0.0000000000
        1.6000000000        0.0000000000        0.0000000000
        4.4000000000        0.0000000000        0.0000000000
        7.2000000000        0.0000000000        0.0000000000
       10.0000000000        0.0000000000        0.0000000000
       12.8000000000        0.0000000000        0.0000000000
       15.6000000000        0.0000000000        0.0000000000
       18.4000000000        0.0000000000        0.0000000000
       21.2000000000        0.0000000000        0.0000000000
       24.0000000000        0.0000000000        0.0000000000
       26.8000000000        0.0000000000        0.0000000000
       29.6000000000        0.0000000000        0.0000000000
       32.4000000000        0.0000000000        0.0000000000
       35.2000000000        0.0000000000        0.0000000000
       38.0000000000        0.0000000000        0.0000000000
       40.8000000000        0.0000000000        0.0000000000
       43.6000000000        0.0000000000        0.0000000000
       46.4000000000        0.0000000000        0.0000000000
       49.2000000000        0.0000000000        0.0000000000
       52.0000000000        0.0000000000        0.0000000000
       54.8000000000        0.0000000000        0.0000000000
       57.6000000000        0.0000000000        0.0000000000
       60.4000000000        0.0000000000        0.0000000000
       63.2000000000        0.0000000000        0.0000000000
       66.0000000000        0.0000000000        0.0000000000
       68.8000000000        0.0000000000        0.0000000000
       71.6000000000        0.0000000000        0.0000000000
       74.4000000000        0.0000000000        0.0000000000
       77.2000000000        0.0000000000        0.0000000000
       80.0000000000        0.0000000000        0.0000000000
       82.8000000000        0.0000000000        0.0000000000
       85.6000000000        0.0000000000        0.0000000000
       88.4000000000        0.0000000000        0.0000000000
       91.2000000000        0.0000000000        0.0000000000
       94.0000000000        0.0000000000        0.0000000000
       96.8000000000        0.0000000000        0.0000000000
       99.6000000000        0.0000000000        0.0000000000
      102.4000000000        0.0000000000        0.0000000000
      105.2000000000        0.0000000000        0.0000000000
      108.0000000000        0.0000000000        0.0000000000
      110.8000000000        0.0000000000        0.0000000000
      113.6000000000        0.0000000000        0.0000000000
      116.4000000000        0.0000000000        0.0000000000
      119.2000000000        0.0000000000        0.0000000000
      122.0000000000        0.0000000000        0.0000000000
      124.8000000000        0.0000000000        0.0000000000
      127.6000000000        0.0000000000        0.0000000000
      130.4000000000        0.0000000000        0.0000000000
      133.2000000000        0.0000000000        0.0000000000
      136.0000000000        0.0000000000        0.0000000000
      138.8000000000        0.0000000000        0.0000000000
      141.6000000000        0.0000000000        0.0000000000
      144.4000000000        0.0000000000        0.0000000000
      147.2000000000        0.0000000000        0.0000000000
      150.0000000000        0.0000000000        0.0000000000
      152.8000000000        0.0000000000        0.0000000000
      155.6000000000        0.0000000000        0.0000000000
      158.4000000000        0.0000000000        0.0000000000
      161.2000000000        0.0000000000        0.0000000000
      164.0000000000        0.0000000000        0.0000000000
      166.8000000000        0.0000000000        0.0000000000
      169.6000000000        0.0000000000        0.0000000000
      172.4000000000        0.0000000000        0.0000000000
      175.2000000000        0.0000000000        0.0000000000
      178.0000000000        0.0000000001        0.0000000000
      180.8000000000        0.0000000008        0.0000000000
      183.6000000000        0.0000000092        0.0000000000
      186.4000000000        0.0000000864        0.0000000000
      189.2000000000        0.0000006697        0.0000000000
      192.0000000000        0.0000043570        0.0000000000
      194.8000000000        0.0000240801        0.0000000000
      197.6000000000        0.0001143701        0.0000000007
      200.4000000000        0.0004718501        0.0000000125
      203.2000000000        0.0017079794        0.0000001641
      206.0000000000        0.0054762172        0.0000016703
      208.8000000000        0.0156984258        0.0000133761
      211.6000000000        0.0406293251        0.0000855776
      214.4000000000        0.0959988222        0.0004436980
      217.2000000000        0.2100281900        0.0018887460
      220.0000000000        0.4337907359        0.0066796806
      222.8000000000        0.8683000332        0.0198357517
      225.6000000000        1.7375675090        0.0499263530
      228.4000000000        3.5696357016        0.1073757004
      231.2000000000        7.5967811030        0.1986489920
      234.0000000000       16.5435309875        0.3179156155
      236.8000000000       36.0123602748        0.4431560598
      239.6000000000       76.6593631289        0.5486257743
      242.4000000000      157.2251861934        0.6511639591
      245.2000000000      308.2162733687        0.9238581729
      248.0000000000      575.6345668249        1.9496141571
      250.8000000000     1023.7218625647        5.2422206707
      253.6000000000     1735.3794114521       14.1797280840
      256.4000000000     2808.9285119448       35.3720051192
      259.2000000000     4350.3234308098       80.1299663536
      262.0000000000     6460.8123144831      165.1618358444
      264.8000000000     9221.1962105066      311.1797970044
      267.6000000000    12674.9566881497      538.2386982175
      270.4000000000    16813.2625756126      857.7195126814
      273.2000000000    21564.9585115049     1262.7633142333
      276.0000000000    26793.9922785575     1720.8001814786
      278.8000000000    32305.4782048558     2172.3818286919
      281.6000000000    37860.0198103636     2539.0079658663
      284.4000000000    43194.4059043104     2739.3257938726
      287.2000000000    48045.6956460164     2709.4102154834
      290.0000000000    52175.2376221773     2420.6304578190
      292.8000000000    55389.3725158278     1889.0509493929
      295.6000000000    57554.3347593110     1173.2436257854
      298.4000000000    58603.9741614941      361.4454847442
      301.2000000000    58540.1056210692     -447.5951827475
      304.0000000000    57426.3345983237    -1164.2547186229
      306.8000000000    55376.9424607808    -1723.0280056514
      309.6000000000    52542.7838128021    -2089.9866309124
      312.4000000000    49096.1644633309    -2262.4583820230
      315.2000000000    45216.4092471130    -2262.7722091601
      318.0000000000    41077.3977174321    -2128.9227724632
      320.8000000000    36837.8486062298    -1904.9481717231
      323.6000000000    32634.6588832891    -1633.0380970233
      326.4000000000    28579.2102696747    -1348.3569042383
      329.2000000000    24756.2755221731    -1076.6496565317
      332.0000000000    21224.9935720274     -834.0978959988
      334.8000000000    18021.3233444641     -628.6380722973
      337.6000000000    15161.4072216248     -461.9735450294
      340.4000000000    12645.3497192134     -331.6851049275
      343.2000000000    10461.0198105765     -233.0691044914
      346.0000000000     8587.5959301577     -160.5348855420
      348.8000000000     6998.6763952606     -108.5400284981
      351.6000000000     5664.8659586307      -72.1275051844
      354.4000000000     4555.8174813225      -47.1639694668
      357.2000000000     3641.7559578815      -30.3798828112
      360.0000000000     2894.5423435695      -19.2957214385
      362.8000000000     2288.3500771889      -12.0958723320
      365.6000000000     1800.0315118318       -7.4901284997
      368.4000000000     1409.2481379871       -4.5852952480
      371.2000000000     1098.4304907731       -2.7771487691
      374.0000000000      852.6233227127       -1.6652997765
      376.8000000000      659.2606989184       -0.9893189017
      379.6000000000      507.9052616624       -0.5826436208
      382.4000000000      389.9766766714       -0.3403682572
      385.2000000000      298.4865219097       -0.1973406506
      388.0000000000      227.7906733262       -0.1136146035
      390.8000000000      173.3654876042       -0.0649857290
      393.6000000000      131.6105999375       -0.0369464350
      396.4000000000       99.6787300064       -0.0208877350
      399.2000000000       75.3313038468       -0.0117478330
      402.0000000000       56.8177529333       -0.0065757537
      404.8000000000       42.7758719734       -0.0036645394
      407.6000000000       32.1504622848       -0.0020339282
      410.4000000000       24.1275472623       -0.0011247149
      413.2000000000       18.0816366716       -0.0006198415
      416.0000000000       13.5337766826       -0.0003405523
      418.8000000000       10.1184105725       -0.0001865859
      421.6000000000        7.5573631436       -0.0001019732
      424.4000000000        5.6395330784       -0.0000556059
      427.2000000000        4.2051223204       -0.0000302615
      430.0000000000        3.1334460838       -0.0000164399
      432.8000000000        2.3335506461       -0.0000089176
      435.6000000000        1.7370202275       -0.0000048309
      438.4000000000        1.2924817250       -0.0000026141
      441.2000000000        0.9614201079       -0.0000014133
      444.0000000000        0.7150012663       -0.0000007635
      446.8000000000        0.5316662474       -0.0000004122
      449.6000000000        0.3953140512       -0.0000002225
      452.4000000000        0.2939320511       -0.0000001201
      455.2000000000        0.2185658630       -0.0000000648
      458.0000000000        0.1625459486       -0.0000000350
      460.8000000000        0.1209079276       -0.0000000189
      463.6000000000        0.0899587267       -0.0000000102
      466.4000000000        0.0669523094       -0.0000000055
      469.2000000000        0.0498475971       -0.0000000030
      472.0000000000        0.0371279382       -0.0000000016
      474.8000000000        0.0276666026       -0.0000000009
      477.6000000000        0.0206266479       -0.0000000005
      480.4000000000        0.0153864256       -0.0000000003
      483.2000000000        0.0114841960       -0.0000000001
      486.0000000000        0.0085769686       -0.0000000001
      488.8000000000        0.0064099282       -0.0000000000
      491.6000000000        0.0047937297       -0.0000000000
      494.4000000000        0.0035876421       -0.0000000000
      497.2000000000        0.0026870345       -0.0000000000
      500.0000000000        0.0020140888       -0.0000000000
      502.8000000000        0.0015109053       -0.0000000000
      505.6000000000        0.0011343848       -0.0000000000
      508.4000000000        0.0008524303       -0.0000000000
      511.2000000000        0.0006411250       -0.0000000000
      514.0000000000        0.0004826379       -0.0000000000
      516.8000000000        0.0003636672       -0.0000000000
      519.6000000000        0.0002742831       -0.0000000000
      522.4000000000        0.0002070687       -0.0000000000
      525.2000000000        0.0001564796       -0.0000000000
      528.0000000000        0.0001183683       -0.0000000000
      530.8000000000        0.0000896303       -0.0000000000
      533.6000000000        0.0000679394       -0.0000000000
      536.4000000000        0.0000515516       -0.0000000000
      539.2000000000        0.0000391581       -0.0000000000
      542.0000000000        0.0000297758       -0.0000000000
      544.8000000000        0.0000226660       -0.0000000000
      547.6000000000        0.0000172727       -0.0000000000
      550.4000000000        0.0000131771       -0.0000000000
      553.2000000000        0.0000100638       -0.0000000000
      556.0000000000        0.0000076946       -0.0000000000
      558.8000000000        0.0000058898       -0.0000000000
      561.6000000000        0.0000045134       -0.0000000000
      564.4000000000        0.0000034625       -0.0000000000
      567.2000000000        0.0000026594       -0.0000000000
      570.0000000000        0.0000020449       -0.0000000000
      572.8000000000        0.0000015742       -0.0000000000
      575.6000000000        0.0000012132       -0.0000000000
      578.4000000000        0.0000009361       -0.0000000000
      581.2000000000        0.0000007231       -0.0000000000
      584.0000000000        0.0000005593       -0.0000000000
      586.8000000000        0.0000004330       -0.0000000000
      589.6000000000        0.0000003357       -0.0000000000
      592.4000000000        0.0000002605       -0.0000000000
      595.2000000000        0.0000002024       -0.0000000000
      598.0000000000        0.0000001575       -0.0000000000
      600.8000000000        0.0000001226       -0.0000000000
      603.6000000000        0.0000000956       -0.0000000000
      606.4000000000        0.0000000746       -0.0000000000
      609.2000000000        0.0000000583       -0.0000000000
      612.0000000000        0.0000000456       -0.0000000000
      614.8000000000        0.0000000358       -0.0000000000
      617.6000000000        0.0000000280       -0.0000000000
      620.4000000000        0.0000000220       -0.0000000000
      623.2000000000        0.0000000173       -0.0000000000
      626.0000000000        0.0000000136       -0.0000000000
      628.8000000000        0.0000000107       -0.0000000000
      631.6000000000        0.0000000085       -0.0000000000
      634.4000000000        0.0000000067       -0.0000000000
      637.2000000000        0.0000000053       -0.0000000000
      640.0000000000        0.0000000042       -0.0000000000
      642.8000000000        0.0000000033       -0.0000000000
      645.6000000000        0.0000000026       -0.0000000000
      648.4000000000        0.0000000021       -0.0000000000
      651.2000000000        0.0000000017       -0.0000000000
      654.0000000000        0.0000000013       -0.0000000000
      656.8000000000        0.0000000011       -0.0000000000
      659.6000000000        0.0000000008       -0.0000000000
      662.4000000000        0.0000000007       -0.0000000000
      665.2000000000        0.0000000005       -0.0000000000
      668.0000000000        0.0000000004       -0.0000000000
      670.8000000000        0.0000000003       -0.0000000000
      673.6000000000        0.0000000003       -0.0000000000
      676.4000000000        0.0000000002       -0.0000000000
      679.2000000000        0.0000000002       -0.0000000000
      682.0000000000        0.0000000001       -0.0000000000
      684.8000000000        0.0000000001       -0.0000000000
      687.6000000000        0.0000000001       -0.0000000000
      690.4000000000        0.0000000001       -0.0000000000
      693.2000000000        0.0000000001       -0.0000000000
      696.0000000000        0.0000000000       -0.0000000000
      698.8000000000        0.0000000000       -0.0000000000
      701.6000000000        0.0000000000       -0.0000000000
      704.4000000000        0.0000000000       -0.0000000000
      707.2000000000        0.0000000000       -0.0000000000
      710.0000000000        0.0000000000       -0.0000000000
      712.8000000000        0.0000000000       -0.0000000000
      715.6000000000        0.0000000000       -0.0000000000
      718.4000000000        0.0000000000       -0.0000000000
      721.2000000000        0.0000000000       -0.0000000000
      724.0000000000        0.0000000000       -0.0000000000
      726.8000000000        0.0000000000       -0.0000000000
      729.6000000000        0.0000000000       -0.0000000000
      732.4000000000        0.0000000000       -0.0000000000
      735.2000000000        0.0000000000       -0.0000000000
      738.0000000000        0.0000000000       -0.0000000000
      740.8000000000        0.0000000000       -0.0000000000
      743.6000000000        0.0000000000       -0.0000000000
      746.4000000000        0.0000000000       -0.0000000000
      749.2000000000        0.0000000000       -0.0000000000
      752.0000000000        0.0000000000       -0.0000000000
      754.8000000000        0.0000000000       -0.0000000000
      757.6000000000        0.0000000000       -0.0000000000
      760.4000000000        0.0000000000       -0.0000000000
      763.2000000000        0.0000000000       -0.0000000000
      766.0000000000        0.0000000000       -0.0000000000
      768.8000000000        0.0000000000       -0.0000000000
      771.6000000000        0.0000000000       -0.0000000000
      774.4000000000        0.0000000000       -0.0000000000
      777.2000000000        0.0000000000       -0.0000000000
      780.0000000000        0.0000000000       -0.0000000000
      782.8000000000        0.0000000000       -0.0000000000
      785.6000000000        0.0000000000       -0.0000000000
      788.4000000000        0.0000000000       -0.0000000000
      791.2000000000        0.0000000000       -0.0000000000
      794.0000000000        0.0000000000       -0.0000000000
      796.8000000000        0.0000000000       -0.0000000000
      799.6000000000        0.0000000000       -0.0000000000
      802.4000000000        0.0000000000       -0.0000000000
      805.2000000000        0.0000000000       -0.0000000000
      808.0000000000        0.0000000000       -0.0000000000
      810.8000000000        0.0000000000       -0.0000000000
      813.6000000000        0.0000000000       -0.0000000000
      816.4000000000        0.0000000000       -0.0000000000
      819.2000000000        0.0000000000       -0.0000000000
      822.0000000000        0.0000000000       -0.0000000000
      824.8000000000        0.0000000000       -0.0000000000
      827.6000000000        0.0000000000       -0.0000000000
      830.4000000000        0.0000000000       -0.0000000000
      833.2000000000        0.0000000000       -0.0000000000
      836.0000000000        0.0000000000       -0.0000000000
      838.8000000000        0.0000000000       -0.0000000000
      841.6000000000        0.0000000000       -0.0000000000
      844.4000000000        0.0000000000       -0.0000000000
      847.2000000000        0.0000000000       -0.0000000000
      850.0000000000        0.0000000000       -0.0000000000
      852.8000000000        0.0000000000       -0.0000000000
      855.6000000000        0.0000000000       -0.0000000000
      858.4000000000        0.0000000000       -0.0000000000
      861.2000000000        0.0000000000       -0.0000000000
      864.0000000000        0.0000000000       -0.0000000000
      866.8000000000        0.0000000000       -0.0000000000
      869.6000000000        0.0000000000       -0.0000000000
      872.4000000000        0.0000000000       -0.0000000000
      875.2000000000        0.0000000000       -0.0000000000
      878.0000000000        0.0000000000       -0.0000000000
      880.8000000000        0.0000000000       -0.0000000000
      883.6000000000        0.0000000000       -0.0000000000
      886.4000000000        0.0000000000       -0.0000000000
      889.2000000000        0.0000000000       -0.0000000000
      892.0000000000        0.0000000000       -0.0000000000
      894.8000000000        0.0000000000       -0.0000000000
      897.6000000000        0.0000000000       -0.0000000000
      900.4000000000        0.0000000000       -0.0000000000
      903.2000000000        0.0000000000       -0.0000000000
      906.0000000000        0.0000000000       -0.0000000000
      908.8000000000        0.0000000000       -0.0000000000
      911.6000000000        0.0000000000       -0.0000000000
      914.4000000000        0.0000000000       -0.0000000000
      917.2000000000        0.0000000000       -0.0000000000
      920.0000000000        0.0000000000       -0.0000000000
      922.8000000000        0.0000000000       -0.0000000000
      925.6000000000        0.0000000000       -0.0000000000
      928.4000000000        0.0000000000       -0.0000000000
      931.2000000000        0.0000000000       -0.0000000000
      934.0000000000        0.0000000000       -0.0000000000
      936.8000000000        0.0000000000       -0.0000000000
      939.6000000000        0.0000000000       -0.0000000000
      942.4000000000        0.0000000000       -0.0000000000
      945.2000000000        0.0000000000       -0.0000000000
      948.0000000000        0.0000000000       -0.0000000000
      950.8000000000        0.0000000000       -0.0000000000
      953.6000000000        0.0000000000       -0.0000000000
      956.4000000000        0.0000000000       -0.0000000000
      959.2000000000        0.0000000000       -0.0000000000
      962.0000000000        0.0000000000       -0.0000000000
      964.8000000000        0.0000000000       -0.0000000000
      967.6000000000        0.0000000000       -0.0000000000
      970.4000000000        0.0000000000       -0.0000000000
      973.2000000000        0.0000000000       -0.0000000000
      976.0000000000        0.0000000000       -0.0000000000
      978.8000000000        0.0000000000       -0.0000000000
      981.6000000000        0.0000000000       -0.0000000000
      984.4000000000        0.0000000000       -0.0000000000
      987.2000000000        0.0000000000       -0.0000000000
      990.0000000000        0.0000000000       -0.0000000000
      992.8000000000        0.0000000000       -0.0000000000
      995.6000000000        0.0000000000       -0.0000000000
      998.4000000000        0.0000000000       -0.0000000000
     1001.2000000000        0.0000000000       -0.0000000000
     1004.0000000000        0.0000000000       -0.0000000000
     1006.8000000000        0.0000000000       -0.0000000000
     1009.6000000000        0.0000000000       -0.0000000000
     1012.4000000000        0.0000000000       -0.0000000000
     1015.2000000000        0.0000000000       -0.0000000000
     1018.0000000000        0.0000000000       -0.0000000000
     1020.8000000000        0.0000000000       -0.0000000000
     1023.6000000000        0.0000000000       -0.0000000000
     1026.4000000000        0.0000000000       -0.0000000000
     1029.2000000000        0.0000000000       -0.0000000000
     1032.0000000000        0.0000000000       -0.0000000000
     1034.8000000000        0.0000000000       -0.0000000000
     1037.6000000000        0.0000000000       -0.0000000000
     1040.4000000000        0.0000000000       -0.0000000000
     1043.2000000000        0.0000000000       -0.0000000000
     1046.0000000000        0.0000000000       -0.0000000000
     1048.8000000000        0.0000000000       -0.0000000000
     1051.6000000000        0.0000000000       -0.0000000000
     1054.4000000000        0.0000000000       -0.0000000000
     1057.2000000000        0.0000000000       -0.0000000000
     1060.0000000000        0.0000000000       -0.0000000000
     1062.8000000000        0.0000000000       -0.0000000000
     1065.6000000000        0.0000000000       -0.0000000000
     1068.4000000000        0.0000000000       -0.0000000000
     1071.2000000000        0.0000000000       -0.0000000000
     1074.0000000000        0.0000000000       -0.0000000000
     1076.8000000000        0.0000000000       -0.0000000000
     1079.6000000000        0.0000000000       -0.0000000000
     1082.4000000000        0.0000000000       -0.0000000000
     1085.2000000000        0.0000000000       -0.0000000000
     1088.0000000000        0.0000000000       -0.0000000000
     1090.8000000000        0.0000000000       -0.0000000000
     1093.6000000000        0.0000000000       -0.0000000000
     1096.4000000000        0.0000000000       -0.0000000000
     1099.2000000000        0.0000000000       -0.0000000000
     1102.0000000000        0.0000000000       -0.0000000000
     1104.8000000000        0.0000000000       -0.0000000000
     1107.6000000000        0.0000000000       -0.0000000000
     1110.4000000000        0.0000000000       -0.0000000000
     1113.2000000000        0.0000000000       -0.0000000000
     1116.0000000000        0.0000000000       -0.0000000000
     1118.8000000000        0.0000000000       -0.0000000000
     1121.6000000000        0.0000000000       -0.0000000000
     1124.4000000000        0.0000000000       -0.0000000000
     1127.2000000000        0.0000000000       -0.0000000000
     1130.0000000000        0.0000000000       -0.0000000000
     1132.8000000000        0.0000000000       -0.0000000000
     1135.6000000000        0.0000000000       -0.0000000000
     1138.4000000000        0.0000000000       -0.0000000000
     1141.2000000000        0.0000000000       -0.0000000000
     1144.0000000000        0.0000000000       -0.0000000000
     1146.8000000000        0.0000000000       -0.0000000000
     1149.6000000000        0.0000000000       -0.0000000000
     1152.4000000000        0.0000000000       -0.0000000000
     1155.2000000000        0.0000000000       -0.0000000000
     1158.0000000000        0.0000000000       -0.0000000000
     1160.8000000000        0.0000000000       -0.0000000000
     1163.6000000000        0.0000000000       -0.0000000000
     1166.4000000000        0.0000000000       -0.0000000000
     1169.2000000000        0.0000000000       -0.0000000000
     1172.0000000000        0.0000000000       -0.0000000000
     1174.8000000000        0.0000000000       -0.0000000000
     1177.6000000000        0.0000000000       -0.0000000000
     1180.4000000000        0.0000000000       -0.0000000000
     1183.2000000000        0.0000000000       -0.0000000000
     1186.0000000000        0.0000000000       -0.0000000000
     1188.8000000000        0.0000000000       -0.0000000000
     1191.6000000000        0.0000000000       -0.0000000000
     1194.4000000000        0.0000000000       -0.0000000000
     1197.2000000000        0.0000000000       -0.0000000000
     1200.0000000000        0.0000000000       -0.0000000000
