-40.0      -56.3528309
-35.0      -56.3691572
-34.0      -56.3715844
-32.0      -56.3756652
-30.0      -56.3787744
-28.0      -56.3809906
-26.0      -56.3824005
-24.0      -56.383098
-22.0      -56.3831841
-20.0      -56.3827646
-18.0      -56.3819488
-16.0      -56.3808473
-14.0      -56.3795684
-12.0      -56.3782185
-10.0      -56.3768933
-8.0      -56.375681
-6.0      -56.3746564
-4.0      -56.37388
-2.0      -56.3733962
0.0      -56.3732319
2.0      -56.3733962
4.0      -56.37388
6.0      -56.3746564
8.0      -56.375681
10.0      -56.3768933
12.0      -56.3782185
14.0      -56.3795684
16.0      -56.3808473
18.0      -56.3819488
20.0      -56.3827646
22.0      -56.3831841
24.0      -56.383098
26.0      -56.3824005
28.0      -56.3809906
30.0      -56.3787744
32.0      -56.3756652
34.0      -56.3715844
35.0      -56.3691572
40.0      -56.3528309
